搜索：

            final int[] array1 = {18, 65, 2, 23, 3, 4, 5, 6, 16, 17, 19, 25, 26, 27, 31, 34, 35, 37, 38, 40, 43, 44, 45, 46, 50, 56, 59, 60, 61, 62, 63, 64, 57, 48, 29, 7, 24, 33, 41};
            final int[] array2 = {4, 6, 4, 4, 4, 4, 4, 4, 4, 4, 4, 4, 4, 4, 4, 4, 4, 4, 4, 4, 4, 5, 5, 4, 4, 5, 6, 6, 6, 6, 6, 6, 5, 4, 5, 4, 4, 4, 4};
            final int[] array3 = {0, 106, 10, 1, 12, 13, 18, 24, 8, 5, 4, 19, 14, 15, 2, 17, 11, 3, 20, 16, 9, 50, 51, 6, 7, 53, 100, 101, 102, 103, 104, 105, 54, 22, 52, 21, 25, 26, 23};


替換：


            final int[] array1 = {2, 3, 4, 5, 6, 7, 8, 13, 16, 17, 18, 19, 20, 21, 23, 24, 25, 26, 27, 29, 31, 33, 34, 35, 37, 38, 39, 40, 41, 43, 44, 45, 46, 47, 48, 49, 50, 56, 57, 59, 60, 61, 62, 63, 64, 65};
            final int[] array2 = {4, 4, 4, 4, 4, 4, 4, 4, 4, 4, 4, 4, 4, 4, 4, 4, 4, 4, 4, 5, 4, 4, 4, 4, 4, 4, 4, 4, 4, 4, 5, 5, 4, 4, 4, 4, 4, 5, 5, 6, 6, 6, 6, 6, 6, 6};
            final int[] array3 = {10, 12, 13, 18, 24, 21, 29, 33, 8, 5, 0, 4, 28, 31, 1, 25, 19, 14, 15, 52, 2, 26, 17, 11, 3, 20, 27, 16, 23, 9, 50, 51, 6, 32, 30, 22, 7, 53, 54, 100, 101, 102, 103, 104, 105, 106};
